//use:
//NPCid - 
//Attacklevel:[level],
//Strengthlevel: level,
//Defenecelevel: level,
//Rangelevel: level,
//Magiclevel: level,
//StabBonus: bonus,
//SlashBonus: bonus,
//CrushBonus: bonus,
//MagicBonus: bonus,
//RangeBonus: bonus,
//StabDefence: bonus,
//SlashDefence: bonus,
//CrushDefence: bonus,
//MagicDefence: bonus,
//RangeDefence: bonus,
//StrengthBonus: strBonus,
//AttackBonus, attackBonus,
//jadinko baby lvl 90
13820 - 80 85 90 85 85 0 0 0 0 0 40 40 40 30 30 0 0
//jadinko guard lvl 145
13821 - 190 200 190 170 170 0 0 0 0 0 140 140 140 115 115 0 0
//jadinko male lvl 201
13822 - 245 245 250 220 220 0 0 0 0 0 165 165 165 155 155 0 0
//lvl 7 farmer
1757 - 3 4 8 1 1 0 0 0 0 0 0 0 0 0 0 0 0
//kurask lvl 106
1608 - 67 105 105 1 1 0 0 0 0 0 0 20 20 0 0 0 0
//aquanite lvl 114
9172 - 1 1 125 130 1 0 0 0 100 0 50 20 50 100 20 0 0
//chaos druid lvl 13
181 - 8 8 12 10 1 0 0 0 0 0 0 0 0 0 0 0 0
2547 - 8 8 12 10 1 0 0 0 0 0 0 0 0 0 0 0 0
7105 - 8 8 12 10 1 0 0 0 0 0 0 0 0 0 0 0 0
//pirates
182 - 23 23 23 1 1 0 0 0 0 0 3 2 0 0 0 0 0
183 - 23 23 23 1 1 0 0 0 0 0 3 2 0 0 0 0 0
184 - 23 23 23 1 1 0 0 0 0 0 3 2 0 0 0 0 0
//lvl 2 imp
708 - 1 1 1 1 1 0 0 0 0 0 -42 -42 -42 -42 -42 0 0
//lvl 25 black guard
3276 - 20 20 20 1 1 0 0 0 0 0 3 4 4 2 3 0 0
3277 - 20 20 20 1 1 0 0 0 0 0 3 4 4 2 3 0 0
3278 - 20 20 20 1 1 0 0 0 0 0 3 4 4 2 3 0 0
3279 - 20 20 20 1 1 0 0 0 0 0 3 4 4 2 3 0 0
//lvl 10 dwarf
118 - 8 8 6 1 1 5 0 0 0 0 0 0 0 5 0 0 0
3271 - 8 8 6 1 1 5 0 0 0 0 0 0 0 5 0 0 0
//lvl 11 dwarf
3271 - 9 9 7 1 1 6 0 0 0 0 0 0 0 6 0 0 0
//lvl 19 black bear
106 - 15 16 13 1 1 0 0 0 0 0 0 0 0 0 0 0 0
//lvl 36 white knight
19 - 27 29 21 1 1 0 0 0 0 0 83 76 70 -11 74 0 0
//lvl 38 white knight
3348 - 28 30 22 1 1 0 0 0 0 0 84 77 71 -10 75 0 0
//lvl 39 white knight
3349 - 29 31 23 1 1 0 0 0 0 0 85 78 72 -9 76 0 0
//lvl 42 white knight
3350 - 35 37 29 1 1 0 0 0 0 0 91 84 78 -5 82 0 0
//lvl 13 zombie
73 - 6 8 7 1 1 0 0 0 0 0 11 9 13 11 12 0 0
//lvl 18 zombie
74 - 11 13 12 1 1 0 0 0 0 0 11 9 13 11 12 0 0
//lvl 24 zombie
75 - 16 18 17 1 1 0 0 0 0 0 11 9 13 11 12 0 0
//lvl 25 zombie
76 - 17 19 20 1 1 0 0 0 0 0 11 9 13 11 12 0 0
//lvl 86 ankou
4383 - 75 75 80 1 1 0 0 0 0 0 0 0 0 0 0 0 0
//lvl 77 ghost
5371 - 65 65 60 1 1 0 0 0 0 0 0 0 0 0 0 0 0
//lvl 68 skeleton
4384 - 55 55 50 1 1 0 0 0 0 0 0 0 0 0 0 0 0
//lvl 32 king scorpion
144 - 28 29 27 1 1 0 0 0 0 0 9 11 11 1 6 0 0
//lvl 24 spider
4401 - 21 21 21 0 0 0 0 0 0 0 53 53 53 53 53 0 0
//lvl 59 scorpion
4402 - 51 52 51 1 1 0 0 0 0 0 15 25 25 5 10 0 0
//lvl 37 scorpion
4403 - 31 32 31 1 1 0 0 0 0 0 10 12 12 2 8 0 0
//lvl 49 catablepon
4397 - 45 40 40 1 60 0 0 0 0 0 40 30 20 20 40 0 0
//lvl 64 catablepon
4398 - 55 50 50 1 45 0 0 0 0 0 50 40 30 30 50 0 0
//lvl 68 catablepon
4399 - 65 60 60 1 60 0 0 0 0 0 50 40 30 30 50 0 0
//lvl 50 giant spider
4400 - 41 51 31 1 1 0 0 0 0 0 10 10 10 10 10 0 0
//minotaur lvl 12
4404 - 12 10 10 1 1 0 0 0 0 0 -21 -21 -21 -21 -21 0 0
4406 - 23 25 25 1 1 0 0 0 0 0 -10 -10 -10 -21 -10 0 0
//lvl 13 goblin
4408 - 6 6 6 6 6 0 0 0 0 0 -15 -15 -15 -15 -15 0 0
//lvl 25 goblin
4411 - 12 12 12 12 12 0 0 0 0 0 -15 -15 -15 -15 -15 0 0
//lvl 25 wolf
142 - 20 16 22 1 1 0 0 0 0 0 0 0 0 0 0 0 0
//lvl 28 fleshcrawler
4389 - 60 2 10 1 1 0 0 0 0 0 15 15 15 15 15 0 0
//lvl 35 fleshcrawler
4390 - 80 2 10 1 1 0 0 0 0 0 15 15 15 15 15 0 0
//lvl 41 fleshcrawler
4391 - 100 2 10 1 1 0 0 0 0 0 15 15 15 15 15 0 0
//lvl 30 zombie
4392 - 23 25 19 1 1 0 0 0 0 0 11 9 13 11 12 0 0
//lvl 44 zombie
4393 - 33 35 29 1 1 0 0 0 0 0 15 13 17 15 17 0 0
//lvl 53 zombie
4394 - 43 45 39 1 1 0 0 0 0 0 21 19 23 21 22 0 0
//alkharid warrior
18 - 7 5 4 1 1 10 10 10 10 10 12 15 10 -1 12 0 0
//lvl 650 k'ril tsutsaroth
6203 - 340 300 270 1 200 0 0 0 0 0 80 80 80 130 80 31 160
//lvl 151 balfrug kreeyath
6208 - 115 60 153 1 150 0 0 0 0 0 0 0 0 10 0 0 0
//lvl 142 zakl'n gritch
6206 - 83 76 127 150 50 0 0 0 0 20 0 0 0 0 20 0 0
//lvl 145 tstanon karlak
6204 - 124 118 125 50 50 0 0 0 0 0 0 0 0 -5 0 14 0
//lvl 596 commander zilyana
6247 - 280 196 300 250 300 0 0 0 200 0 100 100 100 100 100 20 195
//lvl 146 bree
6252 - 162 80 130 150 80 0 0 0 0 0 12 14 14 18 5 7 10
//lvl 149 starlight
6248 - 120 125 120 1 125 0 0 0 0 0 12 14 13 5 13 10 60
//lvl 139 growler
6250 - 100 101 120 1 150 0 0 0 0 0 12 14 14 18 5 7 10
//lvl 580 Kree'arra
6222 - 300 200 260 380 200 0 0 0 0 120 180 180 180 200 200 12 136
//lvl 159 Flight kilisa
6227 - 124 118 175 169 50 0 0 0 0 0 0 0 0 0 0 14 0
//lvl 149 Flockleader geerin
6225 - 80 80 175 150 50 0 0 0 0 60 0 0 0 0 0 0 0
//lvl 143 Wingman Skree
6223 - 80 50 160 100 150 0 0 0 0 0 0 0 0 0 0 0 0
//lvl 624 General graardor
6260 - 280 350 250 350 280 0 0 0 0 100 90 90 90 65 90 43 120
//lvl 142 Sergeant Grimspike
6265 - 80 80 132 150 50 0 0 0 0 20 0 0 0 0 0 0 0
//lvl 141 Sergeant Strongstack
6261 - 124 118 125 50 50 0 0 0 0 0 0 0 0 0 0 14 0
//lvl 142 Sergeant Steelwill
6263 - 80 50 150 1 150 0 0 0 0 0 0 0 0 0 0 6 0
//lvl 105 Revenant Ork
13478 - 80 50 150 150 150 0 0 0 0 0 0 0 0 0 0 6 0
//lvl 13 Rock crab
1265 - 1 1 1 1 1 0 0 0 0 0 0 0 0 0 0 0 0
1267 - 1 1 1 1 1 0 0 0 0 0 0 0 0 0 0 0 0
//lvl 33 black knight
178 - 25 25 25 1 1 0 0 0 0 0 73 76 70 -11 72 0 0
//lvl 2 giant spider
12352 - 1 1 1 1 1 0 0 0 0 0 -15 -15 -15 -15 -15 0 0
59 - 1 1 1 1 1 0 0 0 0 0 -15 -15 -15 -15 -15 0 0
//lvl 9 wizard
13 - 8 8 5 1 10 0 0 0 0 0 0 0 0 3 0 0 0
//lvl 15 unicorn
89 - 11 13 13 1 1 0 0 0 0 0 0 0 0 0 0 0 0
//lvl 2 cow
1767 - 1 1 1 1 1 0 0 0 0 0 -21 -21 -21 -21 -21 0 0
81 - 1 1 1 1 1 0 0 0 0 0 -21 -21 -21 -21 -21 0 0
397 - 1 1 1 1 1 0 0 0 0 0 -21 -21 -21 -21 -21 0 0
12362 - 1 1 1 1 1 0 0 0 0 0 -21 -21 -21 -21 -21 0 0
12363 - 1 1 1 1 1 0 0 0 0 0 -21 -21 -21 -21 -21 0 0
12364 - 1 1 1 1 1 0 0 0 0 0 -21 -21 -21 -21 -21 0 0
12365 - 1 1 1 1 1 0 0 0 0 0 -21 -21 -21 -21 -21 0 0
12366 - 1 1 1 1 1 0 0 0 0 0 -21 -21 -21 -21 -21 0 0
//lvl 2 man
1 - 1 1 1 1 1 0 0 0 0 0 -15 -15 -15 -15 -15 0 0
3 - 1 1 1 1 1 0 0 0 0 0 -15 -15 -15 -15 -15 0 0
7873 - 1 1 1 1 1 0 0 0 0 0 -15 -15 -15 -15 -15 0 0
7874 - 1 1 1 1 1 0 0 0 0 0 -15 -15 -15 -15 -15 0 0
7875 - 1 1 1 1 1 0 0 0 0 0 -15 -15 -15 -15 -15 0 0
7876 - 1 1 1 1 1 0 0 0 0 0 -15 -15 -15 -15 -15 0 0
7877 - 1 1 1 1 1 0 0 0 0 0 -15 -15 -15 -15 -15 0 0
7878 - 1 1 1 1 1 0 0 0 0 0 -15 -15 -15 -15 -15 0 0
7879 - 1 1 1 1 1 0 0 0 0 0 -15 -15 -15 -15 -15 0 0
//lvl 2 woman
7882 - 1 1 1 1 1 0 0 0 0 0 -15 -15 -15 -15 -15 0 0
//lvl 2 Goblin
11236 - 1 1 1 1 1 0 0 0 0 0 -15 -15 -15 -15 -15 0 0
11238 - 1 1 1 1 1 0 0 0 0 0 -15 -15 -15 -15 -15 0 0
11232 - 1 1 1 1 1 0 0 0 0 0 -15 -15 -15 -15 -15 0 0
12357 - 1 1 1 1 1 0 0 0 0 0 -15 -15 -15 -15 -15 0 0
12353 - 1 1 1 1 1 0 0 0 0 0 -15 -15 -15 -15 -15 0 0
12355 - 1 1 1 1 1 0 0 0 0 0 -15 -15 -15 -15 -15 0 0
11234 - 1 1 1 1 1 0 0 0 0 0 -15 -15 -15 -15 -15 0 0
11240 - 1 1 1 1 1 0 0 0 0 0 -15 -15 -15 -15 -15 0 0
//lvl 5 goblin
3264 - 1 1 1 1 1 0 0 0 0 0 -15 -15 -15 -15 -15 0 0
3265 - 1 1 1 1 1 0 0 0 0 0 -15 -15 -15 -15 -15 0 0
3266 - 1 1 1 1 1 0 0 0 0 0 -15 -15 -15 -15 -15 0 0
3267 - 1 1 1 1 1 0 0 0 0 0 -15 -15 -15 -15 -15 0 0
//lvl 1 Chicken
41 - 1 1 1 1 1 0 0 0 0 0 -42 -42 -42 -42 -42 0 0
1017 - 1 1 1 1 1 0 0 0 0 0 -42 -42 -42 -42 -42 0 0
2313 - 1 1 1 1 1 0 0 0 0 0 -42 -42 -42 -42 -42 0 0
2314 - 1 1 1 1 1 0 0 0 0 0 -42 -42 -42 -42 -42 0 0
2315 - 1 1 1 1 1 0 0 0 0 0 -42 -42 -42 -42 -42 0 0
//lvl 81 bloodveld
6215 - 75 45 30 1 1 0 0 0 0 0 0 0 0 0 0 0 0
//lvl 10 barbarian
3246 - 8 7 3 1 1 0 0 9 0 0 0 2 2 -3 2 0 0
3247 - 8 7 3 1 1 0 0 9 0 0 0 2 2 -3 2 0 0
3248 - 8 7 3 1 1 0 0 9 0 0 0 2 2 -3 2 0 0
3249 - 8 7 3 1 1 0 0 9 0 0 0 2 2 -3 2 0 0
3250 - 8 7 3 1 1 0 0 9 0 0 0 2 2 -3 2 0 0
3251 - 8 7 3 8 1 0 0 0 0 9 0 2 2 -3 2 0 0
3252 - 8 7 3 1 1 0 0 9 0 0 0 2 2 -3 2 0 0
3255 - 8 7 3 1 1 0 0 9 0 0 0 2 2 -3 2 0 0
3256 - 8 7 3 1 1 0 0 9 0 0 0 2 2 -3 2 0 0
3257 - 8 7 3 1 1 0 0 9 0 0 0 2 2 -3 2 0 0
3258 - 8 7 3 1 1 0 0 9 0 0 0 2 2 -3 2 0 0
3259 - 8 7 3 8 1 0 0 0 0 9 0 2 2 -3 2 0 0
3260 - 8 7 3 1 1 0 0 9 0 0 0 2 2 -3 2 0 0
3261 - 8 7 3 1 1 0 0 9 0 0 0 2 2 -3 2 0 0
3262 - 8 7 3 1 1 0 0 9 0 0 0 2 2 -3 2 0 0
3263 - 8 7 3 1 1 0 0 9 0 0 0 2 2 -3 2 0 0
//lvl 83 shade
8645 - 130 130 130 1 1 0 0 0 0 0 0 0 0 0 0 0 0
//lvl 29 haakon the champion
3090 - 18 17 13 1 1 0 0 0 0 19 0 20 20 -1 20 0 0
//lvl 13 air wizard
2712 - 5 5 10 0 10 0 0 0 0 0 0 0 0 15 0 0 0
//lvl 13 water wizard
2710 - 5 5 10 0 10 0 0 0 0 0 0 0 0 15 0 0 0
//lvl 13 earth wizard
2711 - 5 5 10 0 10 0 0 0 0 0 0 0 0 15 0 0 0
//lvl 13 fire wizard
2709 - 5 5 10 0 10 0 0 0 0 0 0 0 0 15 0 0 0
//lvl 5 monk
7727 - 2 2 3 1 1 0 0 0 0 0 0 0 0 0 0 0 0
//lvl 21 guard
296 - 19 18 14 1 1 4 0 0 0 0 18 25 19 -4 20 0 0
297 - 19 18 14 1 1 4 0 0 0 0 18 25 19 -4 20 0 0
298 - 19 18 14 1 1 4 0 0 0 0 18 25 19 -4 20 0 0
299 - 19 18 14 1 1 4 0 0 0 0 18 25 19 -4 20 0 0
3407 - 19 18 14 1 1 4 0 0 0 0 18 25 19 -4 20 0 0
3408 - 19 18 14 1 1 4 0 0 0 0 18 25 19 -4 20 0 0
5919 - 19 18 14 1 1 4 0 0 0 0 18 25 19 -4 20 0 0
5920 - 19 18 14 1 1 4 0 0 0 0 18 25 19 -4 20 0 0
9 - 19 18 14 1 1 4 0 0 0 0 18 25 19 -4 20 0 0
3228 - 19 18 14 1 1 4 0 0 0 0 18 25 19 -4 20 0 0
3230 - 19 18 14 1 1 4 0 0 0 0 18 25 19 -4 20 0 0
3231 - 19 18 14 1 1 4 0 0 0 0 18 25 19 -4 20 0 0
3232 - 19 18 14 1 1 4 0 0 0 0 18 25 19 -4 20 0 0
3233 - 19 18 14 1 1 4 0 0 0 0 18 25 19 -4 20 0 0
//lvl 20 dark wizard
8873 - 10 4 10 1 12 0 0 0 0 0 0 0 0 6 0 0 0
8874 - 10 4 10 1 12 0 0 0 0 0 0 0 0 6 0 0 0
//lvl 7 dark wizard
8871 - 5 2 5 1 6 0 0 0 0 0 0 0 0 3 0 0 0
8872 - 5 2 5 1 6 0 0 0 0 0 0 0 0 3 0 0 0
//lvl 7 farmer
1757 - 3 4 8 1 1 0 0 0 0 0 0 0 0 0 0 0 0
//lvl 66 infernal mage
1643 - 1 1 60 1 75 0 0 0 0 0 0 0 0 40 0 0 0
//lvl 96 aberrant spectre
1604 - 1 1 90 105 1 0 0 0 0 0 20 20 20 0 15 0 0
//lvl 182 dark beast
2783 - 140 160 120 1 160 0 0 0 0 0 30 40 100 90 100 0 0
//lvl 124 abyssal demon
1615 - 97 67 135 1 1 0 0 0 0 0 20 20 20 0 20 0 0
//lvl 115 neckryael
1613 - 97 97 105 1 1 0 0 0 0 0 20 20 20 0 20 0 0
//lvl 111 gargoyle
1610 - 75 105 107 1 1 0 0 0 0 0 20 20 0 20 20 0 0
//lvl 78 jelly
1637 - 45 45 120 1 45 0 0 0 0 0 0 0 0 0 0 0 0
1638 - 45 45 120 1 45 0 0 0 0 0 0 0 0 0 0 0 0
1639 - 45 45 120 1 45 0 0 0 0 0 0 0 0 0 0 0 0
//lvl 8 crawling hand
1648 - 8 4 4 1 1 0 0 0 0 0 0 0 0 0 0 0 0
//lvl 12 crawling hand
1653 - 10 6 6 1 1 0 0 0 0 0 0 0 0 0 0 0 0
//lvl 23 banshee
1612 - 22 15 22 1 1 0 0 0 0 0 5 5 5 0 5 0 0
//lvl 22 skeleton
90 - 15 18 17 1 1 0 0 0 0 0 5 5 -5 0 5 0 0
//lvl 22 skeleton
91 - 15 18 17 1 1 0 0 0 0 0 5 5 -5 0 5 0 0
//lvl 22 skeleton
92 - 15 18 17 1 1 0 0 0 0 0 5 5 -5 0 5 0 0
//lvl 33 black knight
178 - 25 25 25 1 1 0 0 0 0 0 73 76 70 -11 72 16 18
//lvl 42 magic axe
127 - 38 38 29 1 1 0 0 0 0 0 10 5 15 5 10 0 0
//lvl 34 deadly red spider
63 - 30 25 30 1 1 0 0 0 0 0 15 16 7 12 16 0 0
//lvl 83 elvarg
742 - 70 70 70 1 70 0 0 0 0 0 20 40 40 30 20 0 0
//lvl 45 skeleton
93 - 40 38 37 1 1 0 0 0 0 0 15 155 -7 0 15 0 0
//lvl 82 lesser demon
82 - 68 70 71 1 1 0 0 0 0 0 0 0 0 -10 0 0 0
//lvl 92 greater demon
83 - 76 78 81 1 1 0 0 0 0 0 0 0 0 -10 0 0 0
4694 - 68 70 71 1 1 0 0 0 0 0 0 0 0 -10 0 0 0
4695 - 68 70 71 1 1 0 0 0 0 0 0 0 0 -10 0 0 0
4696 - 68 70 71 1 1 0 0 0 0 0 0 0 0 -10 0 0 0
4697 - 68 70 71 1 1 0 0 0 0 0 0 0 0 -10 0 0 0
4698 - 68 70 71 1 1 0 0 0 0 0 0 0 0 -10 0 0 0
4699 - 68 70 71 1 1 0 0 0 0 0 0 0 0 -10 0 0 0
4700 - 68 70 71 1 1 0 0 0 0 0 0 0 0 -10 0 0 0
4701 - 68 70 71 1 1 0 0 0 0 0 0 0 0 -10 0 0 0
//lvl 111 blue dragon
55 - 95 95 95 1 1 0 0 0 0 0 50 70 70 60 50 0 0
4681 - 95 95 95 1 1 0 0 0 0 0 50 70 70 60 50 0 0
4682 - 95 95 95 1 1 0 0 0 0 0 50 70 70 60 50 0 0
4683 - 95 95 95 1 1 0 0 0 0 0 50 70 70 60 50 0 0
4684 - 95 95 95 1 1 0 0 0 0 0 50 70 70 60 50 0 0
//lvl 172 Black Demon
84 - 145 152 148 1 1 0 0 0 0 0 0 0 0 -10 0 0 0
4702 - 145 152 148 1 1 0 0 0 0 0 0 0 0 -10 0 0 0
4703 - 145 152 148 1 1 0 0 0 0 0 0 0 0 -10 0 0 0
//lvl 227 black dragon
54 - 200 200 200 1 100 0 0 0 0 0 50 70 70 60 50 0 0
//lvl 112 hellhound
49 - 105 104 102 1 1 0 0 0 0 0 0 0 0 0 0 0 0
//lvl 63 wild dog
1593 - 53 54 54 1 1 0 0 0 0 0 0 0 0 0 0 0 0
//lvl 42 moss giant
112 - 30 30 30 1 1 0 0 0 0 0 0 0 0 0 0 0 0
//lvl 28 hill giant
117 - 18 22 26 1 1 0 0 0 0 0 0 0 0 0 0 0 0
//lvl 28 hob goblin
2685 - 22 24 24 1 1 0 0 0 0 0 0 0 0 0 0 0 0
4706 - 30 30 30 1 1 0 0 0 0 0 0 0 0 0 0 31 33
1587 - 30 30 30 1 1 0 0 0 0 0 0 0 0 0 0 31 33
1588 - 30 30 30 1 1 0 0 0 0 0 0 0 0 0 0 31 33
//lvl 86 fire giant
110 - 65 65 65 1 1 0 0 0 0 0 0 3 2 0 0 31 29
1585 - 65 65 65 1 1 0 0 0 0 0 0 3 2 0 0 31 29
1586 - 65 65 65 1 1 0 0 0 0 0 0 3 2 0 0 31 29
//lvl 131 bronze dragon
1590 - 112 112 112 1 100 0 0 0 0 0 50 70 70 30 90 0 0
//lvl 189 iron dragon
1591 - 165 165 165 1 100 0 0 0 0 0 50 70 70 30 90 0 0
//lvl 246 steel dragon
1592 - 215 215 215 1 100 0 0 0 0 0 50 70 70 30 90 0 0
//lvl 152 red dragon
53 - 130 130 130 1 1 0 0 0 0 0 50 70 70 60 50 0 0
//lvl 90 dagannoth
2455 - 68 70 50 1 1 0 0 0 0 0 0 0 0 0 0 0 0
2456 - 68 70 50 1 1 0 0 0 0 0 0 0 0 0 0 0 0
//lvl 137 giant rock crab
2452 - 50 80 200 1 1 0 0 0 0 0 225 200 175 -10 250 0 0
//lvl 303 dagannoth supreme
2881 - 255 255 128 255 255 0 0 0 0 0 10 10 10 1000 1000 0 0
//lvl 303 dagannoth prime
2882 - 255 255 255 255 0 0 0 0 0 0 1000 1000 1000 1000 10 0 0
//lvl 303 dagannoth rex
2883 - 255 255 255 255 255 0 0 0 0 0 1000 1000 1000 -500 1000 0 0
//lvl 28 kalphite worker
1153 - 20 20 20 1 1 0 0 0 0 0 5 5 1 10 10 0 0
//lvl 85 kalphite soldier
1154 - 70 70 70 1 1 0 0 0 0 0 25 25 5 50 50 0 0
//lvl 141 kalphite guardian
1155 - 110 110 110 1 1 0 0 0 0 0 25 25 5 50 50 0 0
1157 - 110 110 110 1 1 0 0 0 0 0 25 25 5 50 50 0 0
//lvl 333 kalphite queen
1158 - 300 300 300 150 100 0 0 0 0 0 50 50 10 100 100 0 0
1160 - 300 300 300 150 100 0 0 0 0 0 100 100 100 10 10 0 0
//lvl 785 corporeal beast
8133 - 320 320 299 150 350 0 0 0 0 0 25 200 100 150 230 0 50
//lvl 702 tztok-jad
2745 - 640 960 480 480 960 0 0 0 0 0 0 0 0 60 0 0 0
//lvl 360 ket-zek
2743 - 320 480 240 240 480 0 0 0 0 0 0 0 0 60 0 0 0
2744 - 320 480 240 240 480 0 0 0 0 0 0 0 0 60 0 0 0
//lvl 180 yt-mejkot
2742 - 160 240 120 240 120 0 0 0 0 0 0 0 0 0 0 0 0
2741 - 160 240 120 240 120 0 0 0 0 0 0 0 0 0 0 0 0
//lvl 90 tok-xil
2739 - 80 120 60 120 60 0 0 0 0 0 0 0 0 0 0 0 0
2740 - 80 120 60 120 60 0 0 0 0 0 0 0 0 0 0 0 0
//lvl 45 tz-kek
2736 - 40 60 30 60 30 0 0 0 0 0 0 0 0 0 0 0 0
2737 - 40 60 30 60 30 0 0 0 0 0 0 0 0 0 0 0 0
//lvl 22 tz-kek
2738 - 20 30 15 30 15 0 0 0 0 0 0 0 0 0 0 0 0
//lvl 22 tz-kih
2738 - 20 30 15 30 15 0 0 0 0 0 0 0 0 0 0 0 0
//lvl 101 tokhaar-hur
15201 - 120 180 90 180 90 30 0 0 0 0 0 0 0 0 0 0 20
//lvl 140 tokhaar-xil
15202 - 0 0 200 0 150 0 0 0 0 0 50 50 10 100 100 0 50
//lvl 160 tokhaar-mej
15203 - 150 150 200 150 0 0 0 0 0 0 150 150 150 150 20 0 0
//lvl 180 tokhaar-ket
15204 - 200 200 250 0 0 0 0 0 0 0 100 100 100 20 150 0 50
//lvl 200 tokhaar-tok-xil
15205 - 240 240 180 0 180 0 0 0 0 0 100 100 10 100 100 0 50
//lvl 300 tokhaar-mejkot
15206 - 320 480 240 1 1 0 0 0 0 0 150 150 150 50 150 0 0
//lvl 400 tokhaar-ket-zek
15207 - 420 580 340 580 340 0 0 0 0 0 0 0 0 90 0 0 0
//lvl 780 tokhaar-jad
15208 - 640 960 480 960 480 0 0 0 0 0 0 0 0 60 0 0 0
//lvl 800 har-aken range tentacle
15209 - 250 250 300 200 200 0 0 0 0 0 150 150 150 150 50 0 0
//lvl 800 har-aken mage tentacle
15210 - 250 250 300 200 200 0 0 0 0 0 150 150 150 50 150 0 0
//lvl 800 har-aken
15211 - 0 0 500 0 0 0 0 0 0 0 150 150 150 50 150 0 0
15212 - 0 0 500 0 0 0 0 0 0 0 150 150 150 50 150 0 0
//lvl 120 tokhaar-dill
15213 - 100 100 200 0 0 0 0 0 0 0 100 100 100 100 100 0 0
//lvl 120 tokhaar-dill
15214 - 100 100 200 0 0 0 0 0 0 0 50 50 50 50 50 0 0
//steel titan
7343 - 150 150 150 150 150 0 0 0 0 0 0 0 0 0 0 0 0
7344 - 150 150 150 150 150 0 0 0 0 0 0 0 0 0 0 0 0
//lvl 210 - wolpertinger 
6869 - 105 105 50 1 105 0 0 0 0 0 0 0 0 0 0 0 0
6870 - 105 105 50 1 105 0 0 0 0 0 0 0 0 0 0 0 0
//lvl 227 brutal green dragon
5362 - 268 168 168 0 168 0 0 0 0 0 50 70 70 60 50 0 0
//lvl 115 water fiend
5361 - 1 1 128 105 105 0 0 0 0 0 100 100 10 100 100 0 0
//lvl 304 mithril dragon
5363 - 268 268 268 168 168 0 0 0 0 0 50 100 70 30 90 0 0
//lvl 92 greater demon
83 - 76 78 81 1 1 0 0 0 0 0 0 0 0 -10 0 0 0
4698 - 76 78 81 1 1 0 0 0 0 0 0 0 0 -10 0 0 0
4699 - 76 78 81 1 1 0 0 0 0 0 0 0 0 -10 0 0 0
4700 - 76 78 81 1 1 0 0 0 0 0 0 0 0 -10 0 0 0
4701 - 76 78 81 1 1 0 0 0 0 0 0 0 0 -10 0 0 0
//lvl 23 cave crawler
1600 - 22 18 18 1 1 0 0 0 0 0 10 10 5 5 10 0 0
//lvl 29 rock slug
1631 - 22 27 27 1 1 0 0 0 0 0 0 0 0 0 0 0 0
//lvl 37 cockatrice
1620 - 22 37 37 1 1 0 0 0 0 0 10 10 0 10 0 0 0
//lvl 43 pyrefiend
1633 - 52 30 22 1 1 0 0 0 0 0 10 10 10 0 10 0 0
//lvl 61 basilisk
1616 - 30 45 75 1 1 0 0 0 0 0 20 20 0 20 0 0 0
//lvl 88 turoth
1630 - 58 88 88 1 1 0 0 0 0 0 0 20 20 0 0 0 0
//lvl 88 turoth
1629 - 58 88 88 1 1 0 0 0 0 0 0 20 20 0 0 0 0
//lvl 87 turoth
1626 - 58 88 88 1 1 0 0 0 0 0 0 20 20 0 0 0 0
//lvl 85 turoth
1627 - 58 88 88 1 1 0 0 0 0 0 0 20 20 0 0 0 0
//lvl 83 turoth
1628 - 58 88 88 1 1 0 0 0 0 0 0 20 20 0 0 0 0
//lvl 93 dust devil
1624 - 105 70 40 1 1 0 0 0 0 0 0 0 0 0 0 0 0
//lvl 57 ice warrior
125 - 47 47 47 1 1 0 0 0 0 0 30 40 20 10 30 0 0
3073 - 47 47 47 1 1 0 0 0 0 0 30 40 20 10 30 0 0
//lvl 53 ice giant
111 - 40 40 40 1 1 0 0 0 0 0 0 3 2 0 0 0 0
3072 - 40 40 40 1 1 0 0 0 0 0 0 3 2 0 0 0 0
4685 - 40 40 40 1 1 0 0 0 0 0 0 3 2 0 0 0 0
4686 - 40 40 40 1 1 0 0 0 0 0 0 3 2 0 0 0 0
//lvl 79 green dragon
941 - 68 68 68 1 68 0 0 0 0 0 20 40 40 30 20 0 0
4677 - 68 68 68 1 68 0 0 0 0 0 20 40 40 30 20 0 0
4678 - 68 68 68 1 68 0 0 0 0 0 20 40 40 30 20 0 0
4679 - 68 68 68 1 68 0 0 0 0 0 20 40 40 30 20 0 0
4680 - 68 68 68 1 68 0 0 0 0 0 20 40 40 30 20 0 0
//lvl 83 baby black dragon
3376 - 70 70 70 1 1 0 0 0 0 0 30 50 50 40 30 0 0
//lvl 75 ankou
4381 - 70 70 60 1 1 0 0 0 0 0 0 0 0 0 0 0 0
4382 - 70 70 60 1 1 0 0 0 0 0 0 0 0 0 0 0 0
//lvl 54 battle mage
912 - 0 0 100 0 105 0 0 0 50 0 100 100 100 20 100 0 0
913 - 0 0 100 0 105 0 0 0 50 0 100 100 100 20 100 0 0
914 - 0 0 100 0 105 0 0 0 50 0 100 100 100 20 100 0 0
//lvl 305 chaos elemental
3200 - 270 270 270 270 270 0 0 0 0 0 70 70 70 70 70 0 0
//lvl 182 Agrith-na-na
3493 - 83 150 82 100 100 0 0 0 0 0 100 100 100 100 100 0 100
//lvl 199 Flambeed
3494 - 120 120 75 1 1 0 0 0 0 0 50 50 5 5 50 0 100
//lvl 200 Karamel
3495 - 1 1 100 100 1 50 50 50 0 134 150 150 150 150 150 0 0
//lvl 121 Dessourt
3496 - 99 99 99 1 1 0 0 0 0 0 10 150 150 0 0 50 50
//lvl 130 Gelatinnoth mother
3497 - 78 78 81 50 1 0 0 0 0 0 150 150 150 50 50 0 0
//lvl 75 Culinaromancer
3491 - 10 100 10 1 1 0 0 0 0 0 -10 -10 -10 -10 -10 0 0
//lvl 167 Monkey Guard
1459 - 130 130 200 130 1 50 50 50 0 0 0 0 0 0 0 0 0
1460 - 130 130 200 130 1 50 50 50 0 0 0 0 0 0 0 0 0